-100.2914238	85.72023314
-119.7335554	83.05578684
-141.1740216	82.47293922
-164.7169026	78.87177352
-186.0741049	82.36885928
-198.1265612	91.79850125
-206.0158201	105.2248127
-212.8434638	120.6702748
-220.7743547	132.0566195
-229.662781	146.5237302
-235.4704413	161.9483764
-242.3605329	174.3338884
-246.1906744	186.6569525
-269.1923397	209.5753539
-281.0158201	230.2248127
-299.8126561	259.1798501
-315.5079101	290.1124063
-325.2706078	311.7402165
-339.009159	338.5512073
-346.94005	349.937552
-351.7277269	365.3413822
-365.7577019	377.8726062
-393.2139883	382.5145712
-416.7776853	377.8934221
-437.3438801	370.1498751
-465.8825978	371.7527061
-484.0965862	379.2672773
-509.6169858	378.7676936
-528.16403	369.9625312
-554.8084929	364.3838468
-575.2706078	361.7402165
-598.7302248	362.2189842
-622.2731057	358.6178185
-640.8201499	349.8126561
-670.4412989	348.376353
-696.919234	350.9575354
-707.2023314	347.0857619
-726.602831	346.4612823
-733.5345545	356.8068276
-747.8143214	357.0982515
-755.6827644	371.5445462
-758.2431307	396.0865945
-758.9508743	411.4071607
-771.0241465	419.8168193
-771.7318901	435.1373855
-766.4862614	442.173189
-770.3996669	450.4163197
-776.1448793	468.9009159
-778.5803497	499.5628643
-777.0607827	524.0216486
-768.4845962	544.2547877
-762.1357202	555.3497086
-755.6203164	574.6044963
-745.1498751	587.6561199
-729.5795171	600.6036636
-708.8467943	616.5070774
-694.2339717	632.5353872
-675.7493755	638.2805995
-657.2231474	646.0657785
-638.7385512	651.8109908
-623.376353	654.5587011
-610.970025	662.468776
-595.7535387	658.0766028
-581.3905079	661.8651124
-576.0616153	672.9808493
-559.6586178	676.7277269
-542.4229808	671.2739384
-526.3738551	657.6810991
-510.3039134	645.1082431
-490.0707744	636.5320566
-470.9825146	621.856786
-454.0383014	602.1232306
-434.8667777	591.5278934
-416.9650291	568.713572
-400.062448	546.94005
-384.6586178	551.7277269
-365.7368859	528.8925895
-309.0965862	554.2672773
-280.5162365	554.704413
-266.5070774	541.1532057
-268.9425479	521.815154
-273.2514571	510.6786012
-289.9042465	494.6919234
-286.2822648	472.1690258
-285.6161532	454.8084929
-273.7718568	435.1790175
-253.8509575	411.3030808
-242.0066611	391.6736053
-227.0399667	375.041632
-211.1990008	351.2489592
-195.4412989	323.376353
-184.7626978	296.6278102
-172.0649459	268.817652
-153.8717735	260.2830974
-143.734388	257.0149875
-131.7443797	244.5253955
-106.182348	247.0649459
-93.94254788	196.815154
-122.6686095	189.2381349
-112.2606162	149.2298085
-103.8717735	110.2830974
-99.29225645	84.67943381
-1		-1
